ScreenSize: 1024 768

ScreenLocation: 0 0

# 若改變(ScreenSize或ScreenLocation)數值，請刪除下方所有的line Info的資訊，讓程式自動儲存新的設定

Vline: 723.0 0.0 768.0 1.0 30.0 31.0
Vline: 754.0 0.0 768.0 1.0 30.0 33.0
Vline: 787.0 0.0 768.0 1.0 32.0 33.0
Vline: 820.0 0.0 768.0 1.0 32.0 35.0
Vline: 855.0 0.0 768.0 1.0 34.0 36.0
Vline: 891.0 0.0 768.0 1.0 35.0 32.0
Vline: 923.0 0.0 768.0 1.0 31.0 31.0
Vline: 954.0 0.0 768.0 1.0 30.0 31.0
Vline: 985.0 0.0 768.0 1.0 30.0 39.0
Hline: 0.0 34.0 1024.0 1.0 29.0 34.0
Hline: 0.0 63.0 1024.0 1.0 31.0 28.0
Hline: 0.0 94.0 1024.0 1.0 31.0 31.0
Hline: 0.0 125.0 1024.0 1.0 31.0 31.0
Hline: 0.0 156.0 1024.0 1.0 29.0 31.0
Hline: 0.0 185.0 1024.0 1.0 30.0 29.0
Hline: 0.0 215.0 1024.0 1.0 29.0 30.0
Hline: 0.0 244.0 1024.0 1.0 29.0 29.0
